Fisher's Iris Data
1
4
1
Sample Number,SepalLengthCm,SepalWidthCm,PetalLengthCm,PetalWidthCm,Classification
0=setosa   1=versicolor   2=virginica
0    1             -0.206481       0.185833     -0.399774      -0.416111      0             
1    2             -0.262037      -0.022500     -0.399774      -0.416111      0             
2    3             -0.317593       0.060833     -0.416723      -0.416111      0             
3    4             -0.345370       0.019167     -0.382825      -0.416111      0             
4    5             -0.234259       0.227500     -0.399774      -0.416111      0             
5    6             -0.123148       0.352500     -0.348927      -0.332778      0             
6    7             -0.345370       0.144167     -0.399774      -0.374444      0             
7    8             -0.234259       0.144167     -0.382825      -0.416111      0             
8    9             -0.400926      -0.064167     -0.399774      -0.416111      0             
9    10            -0.262037       0.019167     -0.382825      -0.457778      0             
10   11            -0.123148       0.269167     -0.382825      -0.416111      0             
11   12            -0.289815       0.144167     -0.365876      -0.416111      0             
12   13            -0.289815      -0.022500     -0.399774      -0.457778      0             
13   14            -0.428704      -0.022500     -0.450621      -0.457778      0             
14   15            -0.012037       0.394167     -0.433672      -0.416111      0             
15   16            -0.039815       0.560833     -0.382825      -0.332778      0             
16   17            -0.123148       0.352500     -0.416723      -0.332778      0             
17   18            -0.206481       0.185833     -0.399774      -0.374444      0             
18   19            -0.039815       0.310833     -0.348927      -0.374444      0             
19   20            -0.206481       0.310833     -0.382825      -0.374444      0             
20   21            -0.123148       0.144167     -0.348927      -0.416111      0             
21   22            -0.206481       0.269167     -0.382825      -0.332778      0             
22   23            -0.345370       0.227500     -0.467571      -0.416111      0             
23   24            -0.206481       0.102500     -0.348927      -0.291111      0             
24   25            -0.289815       0.144167     -0.315028      -0.416111      0             
25   26            -0.234259      -0.022500     -0.365876      -0.416111      0             
26   27            -0.234259       0.144167     -0.365876      -0.332778      0             
27   28            -0.178704       0.185833     -0.382825      -0.416111      0             
28   29            -0.178704       0.144167     -0.399774      -0.416111      0             
29   30            -0.317593       0.060833     -0.365876      -0.416111      0             
30   31            -0.289815       0.019167     -0.365876      -0.416111      0             
31   32            -0.123148       0.144167     -0.382825      -0.332778      0             
32   33            -0.178704       0.435833     -0.382825      -0.457778      0             
33   34            -0.095370       0.477500     -0.399774      -0.416111      0             
34   35            -0.262037       0.019167     -0.382825      -0.457778      0             
35   36            -0.234259       0.060833     -0.433672      -0.416111      0             
36   37            -0.095370       0.185833     -0.416723      -0.416111      0             
37   38            -0.262037       0.019167     -0.382825      -0.457778      0             
38   39            -0.400926      -0.022500     -0.416723      -0.416111      0             
39   40            -0.206481       0.144167     -0.382825      -0.416111      0             
40   41            -0.234259       0.185833     -0.416723      -0.374444      0             
41   42            -0.373148      -0.314167     -0.416723      -0.374444      0             
42   43            -0.400926       0.060833     -0.416723      -0.416111      0             
43   44            -0.234259       0.185833     -0.365876      -0.249444      0             
44   45            -0.206481       0.310833     -0.315028      -0.332778      0             
45   46            -0.289815      -0.022500     -0.399774      -0.374444      0             
46   47            -0.206481       0.310833     -0.365876      -0.416111      0             
47   48            -0.345370       0.060833     -0.399774      -0.416111      0             
48   49            -0.150926       0.269167     -0.382825      -0.416111      0             
49   50            -0.234259       0.102500     -0.399774      -0.416111      0             
50   51             0.321296       0.060833      0.159548       0.083889      1             
51   52             0.154630       0.060833      0.125650       0.125556      1             
52   53             0.293519       0.019167      0.193446       0.125556      1             
53   54            -0.095370      -0.314167      0.040904       0.042222      1             
54   55             0.182407      -0.105833      0.142599       0.125556      1             
55   56            -0.039815      -0.105833      0.125650       0.042222      1             
56   57             0.126852       0.102500      0.159548       0.167222      1             
57   58            -0.262037      -0.272500     -0.077740      -0.082778      1             
58   59             0.210185      -0.064167      0.142599       0.042222      1             
59   60            -0.178704      -0.147500      0.023955       0.083889      1             
60   61            -0.234259      -0.439167     -0.043842      -0.082778      1             
61   62             0.015741      -0.022500      0.074802       0.125556      1             
62   63             0.043519      -0.355833      0.040904      -0.082778      1             
63   64             0.071296      -0.064167      0.159548       0.083889      1             
64   65            -0.067593      -0.064167     -0.026893       0.042222      1             
65   66             0.237963       0.019167      0.108701       0.083889      1             
66   67            -0.067593      -0.022500      0.125650       0.125556      1             
67   68            -0.012037      -0.147500      0.057853      -0.082778      1             
68   69             0.099074      -0.355833      0.125650       0.125556      1             
69   70            -0.067593      -0.230833      0.023955      -0.041111      1             
70   71             0.015741       0.060833      0.176497       0.250556      1             
71   72             0.071296      -0.105833      0.040904       0.042222      1             
72   73             0.126852      -0.230833      0.193446       0.125556      1             
73   74             0.071296      -0.105833      0.159548       0.000556      1             
74   75             0.154630      -0.064167      0.091751       0.042222      1             
75   76             0.210185      -0.022500      0.108701       0.083889      1             
76   77             0.265741      -0.105833      0.176497       0.083889      1             
77   78             0.237963      -0.022500      0.210395       0.208889      1             
78   79             0.043519      -0.064167      0.125650       0.125556      1             
79   80            -0.039815      -0.189167     -0.043842      -0.082778      1             
80   81            -0.095370      -0.272500      0.007006      -0.041111      1             
81   82            -0.095370      -0.272500     -0.009944      -0.082778      1             
82   83            -0.012037      -0.147500      0.023955       0.000556      1             
83   84             0.043519      -0.147500      0.227345       0.167222      1             
84   85            -0.123148      -0.022500      0.125650       0.125556      1             
85   86             0.043519       0.144167      0.125650       0.167222      1             
86   87             0.237963       0.019167      0.159548       0.125556      1             
87   88             0.126852      -0.314167      0.108701       0.042222      1             
88   89            -0.067593      -0.022500      0.057853       0.042222      1             
89   90            -0.095370      -0.230833      0.040904       0.042222      1             
90   91            -0.095370      -0.189167      0.108701       0.000556      1             
91   92             0.071296      -0.022500      0.142599       0.083889      1             
92   93            -0.012037      -0.189167      0.040904       0.000556      1             
93   94            -0.234259      -0.314167     -0.077740      -0.082778      1             
94   95            -0.067593      -0.147500      0.074802       0.042222      1             
95   96            -0.039815      -0.022500      0.074802       0.000556      1             
96   97            -0.039815      -0.064167      0.074802       0.042222      1             
97   98             0.099074      -0.064167      0.091751       0.042222      1             
98   99            -0.206481      -0.230833     -0.128588      -0.041111      1             
99   100           -0.039815      -0.105833      0.057853       0.042222      1             
100  101            0.126852       0.102500      0.379887       0.542222      2             
101  102           -0.012037      -0.147500      0.227345       0.292222      2             
102  103            0.349074      -0.022500      0.362938       0.375556      2             
103  104            0.126852      -0.064167      0.312090       0.250556      2             
104  105            0.182407      -0.022500      0.345989       0.417222      2             
105  106            0.487963      -0.022500      0.481582       0.375556      2             
106  107           -0.262037      -0.230833      0.125650       0.208889      2             
107  108            0.404630      -0.064167      0.430734       0.250556      2             
108  109            0.237963      -0.230833      0.345989       0.250556      2             
109  110            0.376852       0.227500      0.396836       0.542222      2             
110  111            0.182407       0.060833      0.227345       0.333889      2             
111  112            0.154630      -0.147500      0.261243       0.292222      2             
112  113            0.265741      -0.022500      0.295141       0.375556      2             
113  114           -0.039815      -0.230833      0.210395       0.333889      2             
114  115           -0.012037      -0.105833      0.227345       0.500556      2             
115  116            0.154630       0.060833      0.261243       0.458889      2             
116  117            0.182407      -0.022500      0.295141       0.250556      2             
117  118            0.515741       0.310833      0.498531       0.417222      2             
118  119            0.515741      -0.189167      0.532429       0.458889      2             
119  120            0.043519      -0.355833      0.210395       0.125556      2             
120  121            0.293519       0.060833      0.329040       0.458889      2             
121  122           -0.067593      -0.105833      0.193446       0.333889      2             
122  123            0.515741      -0.105833      0.498531       0.333889      2             
123  124            0.126852      -0.147500      0.193446       0.250556      2             
124  125            0.237963       0.102500      0.329040       0.375556      2             
125  126            0.376852       0.060833      0.379887       0.250556      2             
126  127            0.099074      -0.105833      0.176497       0.250556      2             
127  128            0.071296      -0.022500      0.193446       0.250556      2             
128  129            0.154630      -0.105833      0.312090       0.375556      2             
129  130            0.376852      -0.022500      0.345989       0.167222      2             
130  131            0.432407      -0.105833      0.396836       0.292222      2             
131  132            0.571296       0.310833      0.447684       0.333889      2             
132  133            0.154630      -0.105833      0.312090       0.417222      2             
133  134            0.126852      -0.105833      0.227345       0.125556      2             
134  135            0.071296      -0.189167      0.312090       0.083889      2             
135  136            0.515741      -0.022500      0.396836       0.458889      2             
136  137            0.126852       0.144167      0.312090       0.500556      2             
137  138            0.154630       0.019167      0.295141       0.250556      2             
138  139            0.043519      -0.022500      0.176497       0.250556      2             
139  140            0.293519       0.019167      0.278192       0.375556      2             
140  141            0.237963       0.019167      0.312090       0.500556      2             
141  142            0.293519       0.019167      0.227345       0.458889      2             
142  143           -0.012037      -0.147500      0.227345       0.292222      2             
143  144            0.265741       0.060833      0.362938       0.458889      2             
144  145            0.237963       0.102500      0.329040       0.542222      2             
145  146            0.237963      -0.022500      0.244294       0.458889      2             
146  147            0.126852      -0.230833      0.210395       0.292222      2             
147  148            0.182407      -0.022500      0.244294       0.333889      2             
148  149            0.099074       0.144167      0.278192       0.458889      2             
149  150            0.015741      -0.022500      0.227345       0.250556      2             
