Fisher's Iris Data
1
4
1
Sample Number|SepalLengthCm|SepalWidthCm|PetalLengthCm|PetalWidthCm|Classification
0=setosa   1=versicolor   2=virginica
 1 -0.2064815 0.1858333 -0.399774 -0.4161111 0.0
 2 -0.262037 -0.0225 -0.399774 -0.4161111 0.0
 3 -0.3175926 0.0608333 -0.4167232 -0.4161111 0.0
 4 -0.3453704 0.0191667 -0.3828249 -0.4161111 0.0
 5 -0.2342593 0.2275 -0.399774 -0.4161111 0.0
 6 -0.1231481 0.3525 -0.3489266 -0.3327778 0.0
 7 -0.3453704 0.1441667 -0.399774 -0.3744444 0.0
 8 -0.2342593 0.1441667 -0.3828249 -0.4161111 0.0
 9 -0.4009259 -0.0641667 -0.399774 -0.4161111 0.0
 10 -0.262037 0.0191667 -0.3828249 -0.4577778 0.0
 11 -0.1231481 0.2691667 -0.3828249 -0.4161111 0.0
 12 -0.2898148 0.1441667 -0.3658757 -0.4161111 0.0
 13 -0.2898148 -0.0225 -0.399774 -0.4577778 0.0
 14 -0.4287037 -0.0225 -0.4506215 -0.4577778 0.0
 15 -0.012037 0.3941667 -0.4336723 -0.4161111 0.0
 16 -0.0398148 0.5608333 -0.3828249 -0.3327778 0.0
 17 -0.1231481 0.3525 -0.4167232 -0.3327778 0.0
 18 -0.2064815 0.1858333 -0.399774 -0.3744444 0.0
 19 -0.0398148 0.3108333 -0.3489266 -0.3744444 0.0
 20 -0.2064815 0.3108333 -0.3828249 -0.3744444 0.0
 21 -0.1231481 0.1441667 -0.3489266 -0.4161111 0.0
 22 -0.2064815 0.2691667 -0.3828249 -0.3327778 0.0
 23 -0.3453704 0.2275 -0.4675706 -0.4161111 0.0
 24 -0.2064815 0.1025 -0.3489266 -0.2911111 0.0
 25 -0.2898148 0.1441667 -0.3150282 -0.4161111 0.0
 26 -0.2342593 -0.0225 -0.3658757 -0.4161111 0.0
 27 -0.2342593 0.1441667 -0.3658757 -0.3327778 0.0
 28 -0.1787037 0.1858333 -0.3828249 -0.4161111 0.0
 29 -0.1787037 0.1441667 -0.399774 -0.4161111 0.0
 30 -0.3175926 0.0608333 -0.3658757 -0.4161111 0.0
 31 -0.2898148 0.0191667 -0.3658757 -0.4161111 0.0
 32 -0.1231481 0.1441667 -0.3828249 -0.3327778 0.0
 33 -0.1787037 0.4358333 -0.3828249 -0.4577778 0.0
 34 -0.0953704 0.4775 -0.399774 -0.4161111 0.0
 35 -0.262037 0.0191667 -0.3828249 -0.4577778 0.0
 36 -0.2342593 0.0608333 -0.4336723 -0.4161111 0.0
 37 -0.0953704 0.1858333 -0.4167232 -0.4161111 0.0
 38 -0.262037 0.0191667 -0.3828249 -0.4577778 0.0
 39 -0.4009259 -0.0225 -0.4167232 -0.4161111 0.0
 40 -0.2064815 0.1441667 -0.3828249 -0.4161111 0.0
 41 -0.2342593 0.1858333 -0.4167232 -0.3744444 0.0
 42 -0.3731481 -0.3141667 -0.4167232 -0.3744444 0.0
 43 -0.4009259 0.0608333 -0.4167232 -0.4161111 0.0
 44 -0.2342593 0.1858333 -0.3658757 -0.2494444 0.0
 45 -0.2064815 0.3108333 -0.3150282 -0.3327778 0.0
 46 -0.2898148 -0.0225 -0.399774 -0.3744444 0.0
 47 -0.2064815 0.3108333 -0.3658757 -0.4161111 0.0
 48 -0.3453704 0.0608333 -0.399774 -0.4161111 0.0
 49 -0.1509259 0.2691667 -0.3828249 -0.4161111 0.0
 50 -0.2342593 0.1025 -0.399774 -0.4161111 0.0
 51 0.3212963 0.0608333 0.159548 0.0838889 1.0
 52 0.1546296 0.0608333 0.1256497 0.1255556 1.0
 53 0.2935185 0.0191667 0.1934463 0.1255556 1.0
 54 -0.0953704 -0.3141667 0.040904 0.0422222 1.0
 55 0.1824074 -0.1058333 0.1425989 0.1255556 1.0
 56 -0.0398148 -0.1058333 0.1256497 0.0422222 1.0
 57 0.1268519 0.1025 0.159548 0.1672222 1.0
 58 -0.262037 -0.2725 -0.0777401 -0.0827778 1.0
 59 0.2101852 -0.0641667 0.1425989 0.0422222 1.0
 60 -0.1787037 -0.1475 0.0239548 0.0838889 1.0
 61 -0.2342593 -0.4391667 -0.0438418 -0.0827778 1.0
 62 0.0157407 -0.0225 0.0748023 0.1255556 1.0
 63 0.0435185 -0.3558333 0.040904 -0.0827778 1.0
 64 0.0712963 -0.0641667 0.159548 0.0838889 1.0
 65 -0.0675926 -0.0641667 -0.0268927 0.0422222 1.0
 66 0.237963 0.0191667 0.1087006 0.0838889 1.0
 67 -0.0675926 -0.0225 0.1256497 0.1255556 1.0
 68 -0.012037 -0.1475 0.0578531 -0.0827778 1.0
 69 0.0990741 -0.3558333 0.1256497 0.1255556 1.0
 70 -0.0675926 -0.2308333 0.0239548 -0.0411111 1.0
 71 0.0157407 0.0608333 0.1764972 0.2505556 1.0
 72 0.0712963 -0.1058333 0.040904 0.0422222 1.0
 73 0.1268519 -0.2308333 0.1934463 0.1255556 1.0
 74 0.0712963 -0.1058333 0.159548 0.0005556 1.0
 75 0.1546296 -0.0641667 0.0917514 0.0422222 1.0
 76 0.2101852 -0.0225 0.1087006 0.0838889 1.0
 77 0.2657407 -0.1058333 0.1764972 0.0838889 1.0
 78 0.237963 -0.0225 0.2103955 0.2088889 1.0
 79 0.0435185 -0.0641667 0.1256497 0.1255556 1.0
 80 -0.0398148 -0.1891667 -0.0438418 -0.0827778 1.0
 81 -0.0953704 -0.2725 0.0070056 -0.0411111 1.0
 82 -0.0953704 -0.2725 -0.0099435 -0.0827778 1.0
 83 -0.012037 -0.1475 0.0239548 0.0005556 1.0
 84 0.0435185 -0.1475 0.2273446 0.1672222 1.0
 85 -0.1231481 -0.0225 0.1256497 0.1255556 1.0
 86 0.0435185 0.1441667 0.1256497 0.1672222 1.0
 87 0.237963 0.0191667 0.159548 0.1255556 1.0
 88 0.1268519 -0.3141667 0.1087006 0.0422222 1.0
 89 -0.0675926 -0.0225 0.0578531 0.0422222 1.0
 90 -0.0953704 -0.2308333 0.040904 0.0422222 1.0
 91 -0.0953704 -0.1891667 0.1087006 0.0005556 1.0
 92 0.0712963 -0.0225 0.1425989 0.0838889 1.0
 93 -0.012037 -0.1891667 0.040904 0.0005556 1.0
 94 -0.2342593 -0.3141667 -0.0777401 -0.0827778 1.0
 95 -0.0675926 -0.1475 0.0748023 0.0422222 1.0
 96 -0.0398148 -0.0225 0.0748023 0.0005556 1.0
 97 -0.0398148 -0.0641667 0.0748023 0.0422222 1.0
 98 0.0990741 -0.0641667 0.0917514 0.0422222 1.0
 99 -0.2064815 -0.2308333 -0.1285876 -0.0411111 1.0
 100 -0.0398148 -0.1058333 0.0578531 0.0422222 1.0
 101 0.1268519 0.1025 0.379887 0.5422222 2.0
 102 -0.012037 -0.1475 0.2273446 0.2922222 2.0
 103 0.3490741 -0.0225 0.3629379 0.3755556 2.0
 104 0.1268519 -0.0641667 0.3120904 0.2505556 2.0
 105 0.1824074 -0.0225 0.3459887 0.4172222 2.0
 106 0.487963 -0.0225 0.4815819 0.3755556 2.0
 107 -0.262037 -0.2308333 0.1256497 0.2088889 2.0
 108 0.4046296 -0.0641667 0.4307345 0.2505556 2.0
 109 0.237963 -0.2308333 0.3459887 0.2505556 2.0
 110 0.3768519 0.2275 0.3968362 0.5422222 2.0
 111 0.1824074 0.0608333 0.2273446 0.3338889 2.0
 112 0.1546296 -0.1475 0.2612429 0.2922222 2.0
 113 0.2657407 -0.0225 0.2951412 0.3755556 2.0
 114 -0.0398148 -0.2308333 0.2103955 0.3338889 2.0
 115 -0.012037 -0.1058333 0.2273446 0.5005556 2.0
 116 0.1546296 0.0608333 0.2612429 0.4588889 2.0
 117 0.1824074 -0.0225 0.2951412 0.2505556 2.0
 118 0.5157407 0.3108333 0.4985311 0.4172222 2.0
 119 0.5157407 -0.1891667 0.5324294 0.4588889 2.0
 120 0.0435185 -0.3558333 0.2103955 0.1255556 2.0
 121 0.2935185 0.0608333 0.3290395 0.4588889 2.0
 122 -0.0675926 -0.1058333 0.1934463 0.3338889 2.0
 123 0.5157407 -0.1058333 0.4985311 0.3338889 2.0
 124 0.1268519 -0.1475 0.1934463 0.2505556 2.0
 125 0.237963 0.1025 0.3290395 0.3755556 2.0
 126 0.3768519 0.0608333 0.379887 0.2505556 2.0
 127 0.0990741 -0.1058333 0.1764972 0.2505556 2.0
 128 0.0712963 -0.0225 0.1934463 0.2505556 2.0
 129 0.1546296 -0.1058333 0.3120904 0.3755556 2.0
 130 0.3768519 -0.0225 0.3459887 0.1672222 2.0
 131 0.4324074 -0.1058333 0.3968362 0.2922222 2.0
 132 0.5712963 0.3108333 0.4476836 0.3338889 2.0
 133 0.1546296 -0.1058333 0.3120904 0.4172222 2.0
 134 0.1268519 -0.1058333 0.2273446 0.1255556 2.0
 135 0.0712963 -0.1891667 0.3120904 0.0838889 2.0
 136 0.5157407 -0.0225 0.3968362 0.4588889 2.0
 137 0.1268519 0.1441667 0.3120904 0.5005556 2.0
 138 0.1546296 0.0191667 0.2951412 0.2505556 2.0
 139 0.0435185 -0.0225 0.1764972 0.2505556 2.0
 140 0.2935185 0.0191667 0.2781921 0.3755556 2.0
 141 0.237963 0.0191667 0.3120904 0.5005556 2.0
 142 0.2935185 0.0191667 0.2273446 0.4588889 2.0
 143 -0.012037 -0.1475 0.2273446 0.2922222 2.0
 144 0.2657407 0.0608333 0.3629379 0.4588889 2.0
 145 0.237963 0.1025 0.3290395 0.5422222 2.0
 146 0.237963 -0.0225 0.2442938 0.4588889 2.0
 147 0.1268519 -0.2308333 0.2103955 0.2922222 2.0
 148 0.1824074 -0.0225 0.2442938 0.3338889 2.0
 149 0.0990741 0.1441667 0.2781921 0.4588889 2.0
 150 0.0157407 -0.0225 0.2273446 0.2505556 2.0
